0.44 0.38 0.18
0.43 0.20 0.37
0.59 0.00 0.41
0.33 0.54 0.14
0.41 0.30 0.30
0.53 0.16 0.32
0.39 0.49 0.12
0.37 0.37 0.26
0.47 0.27 0.27
0.55 0.34 0.11
0.41 0.30 0.30
0.68 0.09 0.22
0.58 0.37 0.06
0.09 0.57 0.34
0.85 0.07 0.07
0.50 0.21 0.29
0.81 0.10 0.09
0.38 0.32 0.30
0.25 0.51 0.25
0.47 0.31 0.22
0.49 0.31 0.20
0.14 0.43 0.43
0.22 0.52 0.25
0.77 0.22 0.01
0.57 0.24 0.18
0.23 0.61 0.17
0.68 0.11 0.21
0.50 0.24 0.25
0.20 0.61 0.20
0.40 0.36 0.24
0.49 0.33 0.18
0.67 0.18 0.15
0.61 0.27 0.12
0.85 0.03 0.12
0.15 0.49 0.37
0.61 0.31 0.07
0.11 0.50 0.39
0.09 0.50 0.40
0.59 0.11 0.29
0.29 0.59 0.12
0.29 0.57 0.14
0.46 0.34 0.20
0.27 0.39 0.33
0.32 0.45 0.23
0.62 0.22 0.15
0.60 0.13 0.28
0.18 0.45 0.37
0.14 0.58 0.28
0.89 0.05 0.05
0.64 0.18 0.17
0.50 0.30 0.20
0.38 0.52 0.10
0.82 0.13 0.06
0.34 0.64 0.02
0.24 0.46 0.30
0.54 0.19 0.26
0.44 0.41 0.15
0.36 0.52 0.11
0.06 0.39 0.56
0.55 0.13 0.33
0.67 0.10 0.24
0.35 0.40 0.26
0.88 0.09 0.04
0.62 0.24 0.14
0.22 0.43 0.35
0.43 0.20 0.36
0.58 0.10 0.31
0.47 0.19 0.35
0.01 0.49 0.49
0.13 0.13 0.73
0.83 0.10 0.07
0.77 0.14 0.09
0.82 0.11 0.08
0.57 0.29 0.14
0.41 0.32 0.27
0.44 0.28 0.28
0.44 0.14 0.42
0.33 0.58 0.09
0.65 0.29 0.06
0.69 0.14 0.16
0.09 0.46 0.45
0.05 0.88 0.07
0.34 0.59 0.08
0.34 0.55 0.11
0.58 0.29 0.12
0.20 0.40 0.40
0.09 0.71 0.19
0.34 0.33 0.33
0.26 0.48 0.26
0.41 0.39 0.20
0.11 0.77 0.13
0.63 0.11 0.25
0.61 0.29 0.10
0.62 0.16 0.23
0.12 0.56 0.32
0.18 0.41 0.41
0.42 0.37 0.21
0.46 0.23 0.30
0.39 0.30 0.30
0.21 0.45 0.34
0.41 0.26 0.32
0.67 0.16 0.16
0.28 0.56 0.16
0.77 0.12 0.12
0.45 0.27 0.27
0.43 0.32 0.25
0.18 0.41 0.41
0.54 0.23 0.23
0.25 0.37 0.37
0.07 0.53 0.41
0.50 0.13 0.36
0.64 0.18 0.18
0.37 0.29 0.34
