0.79 0.02 0.19
0.73 0.00 0.26
0.63 0.12 0.25
0.45 0.05 0.50
0.55 0.06 0.39
0.46 0.16 0.38
0.30 0.18 0.52
0.73 0.03 0.23
0.84 0.06 0.09
0.08 0.42 0.49
0.50 0.17 0.33
0.24 0.03 0.73
0.65 0.05 0.30
0.58 0.07 0.34
0.22 0.28 0.51
0.69 0.06 0.25
0.60 0.02 0.38
0.51 0.03 0.46
0.67 0.02 0.31
0.48 0.05 0.47
0.52 0.12 0.35
0.57 0.14 0.28
0.32 0.08 0.60
0.35 0.07 0.59
0.50 0.07 0.43
0.81 0.00 0.20
0.62 0.04 0.34
0.53 0.04 0.43
0.53 0.16 0.32
0.71 0.01 0.28
0.48 0.17 0.34
0.50 0.21 0.29
0.64 0.01 0.34
0.50 0.18 0.32
0.64 0.09 0.28
