0.92 0.02 0.05
0.66 0.17 0.18
0.63 0.12 0.25
0.74 0.15 0.12
0.65 0.10 0.26
0.55 0.23 0.23
0.71 0.05 0.25
0.75 0.04 0.21
0.89 0.05 0.05
0.94 0.00 0.06
0.46 0.15 0.39
0.84 0.03 0.13
0.63 0.06 0.31
0.60 0.19 0.21
0.62 0.12 0.26
0.95 0.02 0.04
0.11 0.18 0.71
0.70 0.04 0.27
0.59 0.14 0.27
0.94 0.04 0.01
0.56 0.12 0.32
0.83 0.09 0.09
0.82 0.05 0.14
0.73 0.13 0.14
0.82 0.05 0.13
0.77 0.06 0.18
0.89 0.08 0.02
0.94 0.03 0.03
0.45 0.24 0.31
0.95 0.01 0.04
0.81 0.03 0.16
0.93 0.02 0.06
0.74 0.13 0.13
0.89 0.03 0.07
0.86 0.03 0.10
0.93 0.03 0.03
0.67 0.07 0.26
0.88 0.06 0.06
0.84 0.07 0.10
0.75 0.04 0.21
0.58 0.08 0.35
0.71 0.04 0.25
0.76 0.06 0.18
0.90 0.04 0.05
0.89 0.05 0.05
0.81 0.07 0.11
0.89 0.00 0.12
0.63 0.09 0.28
0.92 0.02 0.07
0.65 0.13 0.23
0.72 0.14 0.14
0.83 0.03 0.15
0.73 0.06 0.22
0.97 0.02 0.02
0.65 0.10 0.26
0.93 0.04 0.04
0.45 0.21 0.33
0.78 0.11 0.11
0.84 0.11 0.06
0.93 0.05 0.03
0.74 0.13 0.13
0.95 0.02 0.04
0.71 0.05 0.23
0.61 0.13 0.27
0.73 0.06 0.20
0.61 0.20 0.20
0.94 0.02 0.05
0.59 0.05 0.37
0.92 0.04 0.04
0.91 0.02 0.08
0.63 0.06 0.31
0.85 0.11 0.04
0.84 0.03 0.14
0.63 0.12 0.26
0.91 0.05 0.05
0.56 0.12 0.33
0.31 0.31 0.38
0.92 0.04 0.04
0.92 0.05 0.03
0.80 0.15 0.05
0.71 0.07 0.22
0.98 0.01 0.01
0.69 0.10 0.21
0.96 0.02 0.01
0.58 0.11 0.31
0.83 0.05 0.13
0.79 0.07 0.15
0.69 0.10 0.21
0.75 0.13 0.13
0.88 0.04 0.09
0.79 0.01 0.19
0.83 0.03 0.14
0.87 0.06 0.06
0.80 0.06 0.13
0.77 0.11 0.11
0.75 0.20 0.05
0.76 0.13 0.10
0.91 0.06 0.03
0.55 0.16 0.29
0.92 0.04 0.04
0.85 0.05 0.10
0.58 0.21 0.21
0.07 0.35 0.58
0.62 0.27 0.10
0.75 0.13 0.13
0.59 0.16 0.26
0.54 0.18 0.28
0.21 0.21 0.57
0.81 0.05 0.13
0.54 0.16 0.30
0.57 0.19 0.24
0.75 0.05 0.19
0.51 0.18 0.31
0.62 0.19 0.18
0.83 0.09 0.09
0.46 0.18 0.37
0.95 0.02 0.02
0.87 0.06 0.07
0.87 0.04 0.09
0.60 0.07 0.32
0.86 0.02 0.12
0.80 0.03 0.16
0.77 0.08 0.15
0.82 0.00 0.19
0.60 0.15 0.25
0.71 0.06 0.23
0.48 0.18 0.33
0.53 0.14 0.33
0.85 0.05 0.11
0.60 0.20 0.20
0.67 0.02 0.32
0.69 0.08 0.22
0.52 0.35 0.13
0.70 0.15 0.15
0.94 0.01 0.04
0.79 0.07 0.15
0.81 0.04 0.16
0.55 0.05 0.41
0.14 0.33 0.53
0.46 0.46 0.08
0.83 0.09 0.09
0.03 0.49 0.48
0.58 0.21 0.21
0.93 0.06 0.01
0.80 0.08 0.12
0.75 0.03 0.22
0.76 0.12 0.12
0.84 0.05 0.12
