0.18 0.18 0.65
0.85 0.05 0.10
0.58 0.15 0.27
0.89 0.01 0.09
0.90 0.06 0.04
0.69 0.07 0.25
0.32 0.37 0.32
0.65 0.04 0.31
0.82 0.07 0.12
0.00 0.05 0.96
0.49 0.33 0.17
0.88 0.00 0.13
0.44 0.03 0.53
0.53 0.17 0.31
0.58 0.07 0.35
0.56 0.19 0.25
0.59 0.12 0.28
0.61 0.22 0.17
0.49 0.21 0.30
0.47 0.47 0.05
1.00 0.00 0.00
0.87 0.02 0.11
0.58 0.12 0.29
0.73 0.10 0.16
1.00 0.00 0.00
0.17 0.17 0.65
0.64 0.14 0.23
0.18 0.18 0.65
0.73 0.03 0.24
0.71 0.11 0.18
0.56 0.22 0.22
0.91 0.02 0.06
0.58 0.18 0.24
0.50 0.06 0.43
0.59 0.25 0.15
0.42 0.29 0.29
