0.45 0.35 0.20
0.69 0.07 0.24
0.65 0.18 0.17
0.64 0.09 0.28
0.46 0.25 0.30
0.59 0.11 0.31
0.56 0.10 0.33
0.09 0.58 0.33
0.87 0.02 0.11
0.57 0.22 0.22
0.58 0.12 0.29
0.34 0.33 0.33
0.05 0.70 0.25
0.05 0.55 0.40
0.41 0.02 0.57
0.17 0.27 0.57
0.70 0.02 0.28
0.81 0.10 0.10
0.76 0.13 0.10
0.54 0.19 0.27
0.47 0.35 0.19
0.80 0.18 0.02
0.68 0.11 0.20
0.66 0.11 0.23
0.90 0.05 0.05
0.69 0.12 0.20
0.69 0.15 0.15
0.76 0.12 0.12
0.62 0.10 0.28
0.58 0.07 0.35
0.78 0.07 0.15
0.70 0.05 0.26
0.73 0.06 0.22
0.55 0.21 0.24
0.82 0.09 0.09
0.85 0.07 0.07
0.26 0.42 0.32
0.66 0.11 0.23
0.45 0.28 0.28
0.67 0.17 0.17
0.79 0.05 0.16
0.27 0.36 0.37
0.74 0.05 0.21
0.64 0.05 0.31
0.92 0.04 0.04
0.64 0.18 0.18
0.08 0.73 0.20
0.15 0.69 0.16
0.75 0.03 0.21
0.69 0.15 0.15
0.59 0.25 0.15
0.65 0.13 0.21
0.72 0.05 0.22
0.79 0.05 0.15
0.64 0.15 0.21
0.79 0.10 0.10
0.91 0.04 0.06
0.72 0.12 0.17
0.64 0.11 0.25
0.68 0.04 0.28
0.10 0.60 0.30
0.65 0.10 0.24
0.47 0.04 0.48
0.32 0.22 0.46
0.56 0.22 0.22
0.22 0.35 0.42
0.54 0.10 0.36
0.12 0.28 0.59
0.66 0.14 0.21
0.04 0.29 0.66
0.35 0.13 0.52
0.51 0.14 0.35
0.71 0.14 0.14
0.41 0.19 0.40
0.00 1.00 0.00
0.51 0.12 0.37
0.60 0.28 0.13
0.37 0.31 0.31
0.54 0.09 0.37
0.68 0.16 0.16
0.57 0.22 0.22
0.66 0.11 0.24
0.90 0.05 0.05
0.62 0.25 0.13
0.86 0.04 0.10
0.61 0.06 0.32
0.67 0.10 0.23
0.62 0.14 0.25
0.74 0.00 0.26
0.60 0.20 0.20
0.58 0.06 0.37
0.88 0.02 0.10
0.78 0.11 0.11
0.65 0.20 0.15
0.43 0.16 0.41
0.74 0.06 0.19
0.76 0.07 0.17
0.50 0.13 0.38
0.63 0.19 0.19
0.08 0.08 0.85
0.31 0.13 0.57
0.62 0.05 0.33
0.69 0.22 0.08
0.68 0.05 0.27
0.96 0.03 0.02
0.34 0.32 0.33
0.67 0.05 0.28
0.61 0.20 0.20
0.42 0.29 0.29
0.38 0.63 0.00
0.65 0.18 0.18
0.63 0.19 0.19
0.68 0.13 0.20
0.66 0.04 0.30
0.59 0.02 0.39
0.45 0.30 0.25
0.58 0.21 0.21
0.55 0.11 0.35
0.80 0.08 0.12
0.59 0.09 0.33
0.79 0.11 0.11
0.63 0.12 0.26
0.45 0.27 0.28
0.21 0.36 0.44
0.69 0.11 0.21
0.81 0.14 0.06
0.37 0.31 0.31
0.32 0.34 0.33
0.16 0.39 0.45
0.33 0.33 0.33
0.59 0.06 0.35
0.64 0.04 0.32
0.62 0.15 0.24
0.64 0.24 0.12
0.51 0.19 0.31
0.14 0.55 0.31
0.65 0.10 0.25
0.70 0.08 0.23
0.36 0.32 0.32
0.53 0.20 0.28
0.54 0.27 0.19
0.70 0.15 0.15
0.63 0.23 0.13
0.82 0.03 0.15
0.73 0.07 0.20
0.80 0.06 0.13
0.49 0.13 0.38
0.61 0.04 0.35
0.56 0.00 0.44
0.64 0.10 0.26
0.48 0.43 0.09
0.73 0.10 0.18
0.93 0.03 0.03
0.87 0.07 0.07
0.88 0.01 0.11
0.75 0.00 0.25
0.60 0.14 0.26
0.57 0.15 0.29
0.91 0.02 0.08
0.71 0.07 0.22
0.75 0.12 0.12
0.82 0.04 0.13
0.85 0.02 0.13
0.47 0.33 0.19
0.73 0.06 0.22
0.46 0.46 0.08
1.00 0.00 0.00
0.41 0.36 0.23
0.01 0.95 0.04
0.75 0.05 0.21
0.82 0.09 0.09
0.67 0.09 0.24
0.69 0.08 0.24
0.44 0.25 0.30
0.60 0.20 0.20
0.70 0.05 0.26
0.58 0.11 0.32
0.62 0.12 0.26
0.77 0.03 0.19
0.75 0.11 0.14
0.67 0.11 0.22
0.45 0.11 0.43
0.33 0.33 0.33
0.59 0.13 0.28
0.64 0.18 0.18
0.78 0.06 0.16
0.70 0.00 0.29
0.50 0.12 0.38
0.62 0.30 0.09
0.50 0.29 0.21
0.48 0.29 0.24
0.66 0.17 0.17
0.84 0.05 0.11
0.60 0.04 0.35
0.79 0.05 0.17
0.93 0.02 0.04
0.60 0.11 0.30
0.67 0.09 0.24
0.89 0.01 0.10
0.74 0.21 0.05
0.63 0.10 0.26
0.67 0.16 0.16
0.49 0.04 0.46
0.74 0.10 0.15
0.59 0.15 0.26
0.52 0.15 0.33
0.43 0.28 0.28
0.81 0.04 0.15
0.65 0.07 0.28
0.32 0.17 0.51
0.77 0.17 0.05
