0.44 0.18 0.38
0.63 0.19 0.19
0.25 0.41 0.34
0.58 0.22 0.21
0.50 0.28 0.22
0.34 0.52 0.13
0.74 0.08 0.18
0.44 0.31 0.24
0.16 0.51 0.33
0.84 0.08 0.08
0.71 0.17 0.11
0.78 0.14 0.09
0.44 0.21 0.35
0.38 0.49 0.14
0.81 0.14 0.05
0.58 0.14 0.27
0.67 0.20 0.14
0.52 0.19 0.29
0.05 0.70 0.25
0.60 0.26 0.13
0.63 0.19 0.19
0.68 0.08 0.25
0.62 0.14 0.24
0.77 0.12 0.11
0.24 0.38 0.38
0.85 0.07 0.07
0.61 0.30 0.09
0.51 0.25 0.25
0.64 0.18 0.18
0.53 0.34 0.12
0.24 0.53 0.24
0.24 0.68 0.08
0.71 0.14 0.14
0.24 0.44 0.32
0.66 0.14 0.20
0.00 0.50 0.50
0.59 0.25 0.16
0.64 0.11 0.24
0.68 0.12 0.20
0.67 0.14 0.18
0.72 0.14 0.14
0.70 0.17 0.14
0.35 0.35 0.29
0.70 0.23 0.07
0.55 0.35 0.10
0.49 0.14 0.36
0.55 0.23 0.23
0.72 0.22 0.06
0.70 0.18 0.12
0.12 0.44 0.44
0.20 0.57 0.23
0.47 0.31 0.22
0.59 0.27 0.15
0.65 0.11 0.25
0.68 0.18 0.15
0.26 0.48 0.26
0.47 0.28 0.25
0.61 0.19 0.19
0.53 0.29 0.19
0.06 0.59 0.34
0.58 0.30 0.12
0.55 0.23 0.23
0.70 0.15 0.15
0.28 0.52 0.20
0.53 0.32 0.15
0.32 0.32 0.36
0.07 0.72 0.20
0.53 0.36 0.11
0.81 0.07 0.11
0.41 0.33 0.25
0.20 0.48 0.32
0.77 0.12 0.12
0.62 0.15 0.22
0.44 0.36 0.20
0.32 0.38 0.30
0.81 0.18 0.02
0.74 0.20 0.07
