0.81 0.03 0.17
0.66 0.30 0.05
0.93 0.02 0.05
0.63 0.25 0.13
0.46 0.16 0.37
0.85 0.06 0.09
0.63 0.36 0.02
0.93 0.06 0.00
0.85 0.10 0.04
0.97 0.01 0.01
1.00 0.00 0.00
0.68 0.25 0.08
0.95 0.02 0.02
0.69 0.16 0.14
0.93 0.01 0.06
0.98 0.00 0.01
0.77 0.04 0.19
0.19 0.58 0.23
0.50 0.20 0.30
0.34 0.52 0.15
0.77 0.18 0.04
0.76 0.16 0.09
0.42 0.33 0.26
0.93 0.04 0.04
0.25 0.61 0.13
0.13 0.13 0.74
0.96 0.01 0.02
0.22 0.31 0.46
0.61 0.20 0.20
0.36 0.34 0.29
0.80 0.06 0.13
0.71 0.00 0.30
0.52 0.24 0.24
0.00 0.82 0.18
0.97 0.02 0.02
0.61 0.00 0.40
0.74 0.13 0.13
0.44 0.37 0.18
0.77 0.02 0.21
0.43 0.09 0.48
0.60 0.20 0.20
0.67 0.12 0.22
0.84 0.07 0.09
0.35 0.35 0.31
0.68 0.21 0.10
0.68 0.16 0.16
0.41 0.55 0.04
