0.78 0.08 0.15
0.73 0.03 0.25
0.33 0.28 0.39
0.65 0.16 0.20
0.87 0.07 0.07
0.88 0.07 0.05
0.77 0.07 0.16
0.93 0.02 0.06
0.85 0.07 0.07
0.60 0.26 0.14
0.80 0.12 0.08
0.68 0.15 0.16
0.83 0.03 0.14
0.60 0.12 0.28
0.90 0.05 0.05
0.44 0.26 0.30
0.58 0.15 0.28
0.95 0.01 0.04
0.68 0.10 0.22
0.67 0.23 0.11
0.75 0.04 0.20
0.90 0.03 0.08
0.92 0.06 0.02
0.86 0.10 0.05
0.65 0.14 0.21
0.43 0.35 0.22
0.55 0.14 0.31
0.90 0.05 0.05
0.77 0.19 0.03
0.82 0.12 0.06
0.84 0.08 0.08
0.87 0.03 0.10
0.91 0.05 0.05
0.60 0.27 0.13
0.80 0.08 0.11
0.90 0.05 0.05
0.76 0.09 0.15
0.24 0.38 0.38
0.59 0.11 0.31
0.91 0.05 0.04
0.66 0.09 0.24
0.70 0.15 0.15
0.74 0.07 0.19
0.97 0.02 0.02
0.66 0.19 0.16
0.62 0.26 0.13
0.81 0.04 0.15
0.86 0.12 0.03
0.83 0.12 0.05
0.91 0.05 0.05
0.89 0.04 0.07
0.82 0.06 0.12
0.81 0.10 0.10
0.85 0.07 0.09
0.72 0.17 0.12
0.81 0.01 0.18
0.77 0.09 0.14
0.82 0.05 0.13
0.70 0.16 0.14
0.72 0.10 0.19
0.85 0.05 0.10
0.79 0.02 0.18
0.80 0.10 0.10
0.75 0.18 0.06
0.85 0.07 0.07
0.59 0.13 0.29
0.47 0.43 0.09
0.70 0.16 0.14
0.59 0.21 0.21
0.80 0.07 0.14
0.91 0.06 0.03
0.72 0.10 0.17
0.87 0.07 0.05
0.69 0.06 0.24
0.87 0.09 0.05
0.79 0.08 0.13
0.83 0.15 0.02
0.74 0.13 0.13
0.74 0.10 0.16
0.81 0.08 0.11
0.77 0.06 0.16
0.93 0.03 0.04
0.96 0.02 0.01
0.59 0.16 0.25
0.63 0.16 0.20
0.82 0.15 0.03
0.70 0.15 0.15
0.62 0.16 0.22
0.68 0.16 0.16
0.78 0.11 0.11
0.53 0.19 0.28
0.79 0.10 0.12
0.91 0.04 0.04
0.50 0.19 0.30
0.82 0.12 0.06
0.79 0.13 0.09
0.58 0.21 0.21
0.71 0.07 0.22
0.58 0.24 0.19
0.62 0.10 0.28
0.60 0.20 0.20
0.62 0.19 0.19
0.88 0.03 0.08
0.84 0.07 0.09
0.35 0.33 0.33
0.78 0.10 0.12
0.90 0.05 0.05
0.53 0.23 0.23
0.60 0.20 0.20
0.94 0.01 0.05
0.68 0.18 0.14
0.43 0.35 0.23
0.07 0.64 0.30
0.85 0.07 0.08
0.80 0.10 0.10
0.54 0.20 0.25
0.07 0.68 0.26
0.94 0.00 0.07
0.92 0.04 0.04
0.60 0.14 0.26
0.85 0.09 0.06
0.86 0.10 0.04
0.62 0.28 0.09
0.80 0.05 0.14
0.92 0.04 0.04
0.52 0.27 0.21
0.49 0.30 0.20
0.94 0.03 0.03
0.43 0.14 0.43
0.77 0.03 0.19
0.79 0.00 0.22
0.75 0.00 0.25
0.59 0.23 0.18
0.73 0.14 0.13
0.87 0.09 0.03
0.83 0.05 0.13
0.88 0.04 0.08
0.79 0.14 0.08
0.68 0.09 0.22
0.86 0.05 0.10
0.60 0.25 0.16
0.08 0.68 0.25
0.66 0.12 0.22
0.85 0.08 0.08
0.93 0.02 0.05
0.83 0.08 0.08
0.65 0.29 0.06
0.78 0.12 0.09
0.73 0.09 0.18
0.82 0.08 0.11
0.79 0.12 0.09
0.88 0.06 0.06
0.70 0.19 0.10
0.81 0.06 0.14
0.90 0.05 0.05
0.81 0.06 0.13
0.68 0.16 0.16
0.45 0.23 0.32
0.47 0.19 0.35
0.66 0.17 0.17
0.87 0.02 0.11
0.74 0.13 0.13
1.00 0.00 0.00
0.93 0.04 0.02
0.48 0.36 0.16
0.82 0.13 0.06
0.84 0.03 0.12
0.07 0.30 0.63
0.56 0.22 0.22
0.75 0.03 0.22
0.54 0.22 0.23
0.78 0.06 0.16
0.51 0.17 0.31
0.18 0.52 0.30
0.73 0.10 0.16
0.80 0.10 0.10
0.83 0.07 0.11
0.37 0.23 0.41
0.36 0.32 0.32
0.87 0.07 0.07
0.74 0.13 0.13
0.45 0.45 0.09
0.81 0.10 0.10
