0.75 0.12 0.12
0.76 0.12 0.12
0.64 0.18 0.18
0.92 0.04 0.04
0.80 0.01 0.19
0.92 0.04 0.04
0.13 0.52 0.35
0.70 0.13 0.17
0.76 0.00 0.25
0.56 0.01 0.43
0.72 0.14 0.14
0.34 0.20 0.47
0.62 0.15 0.24
0.43 0.15 0.43
0.82 0.09 0.09
0.00 0.50 0.50
0.50 0.08 0.42
0.59 0.02 0.40
0.33 0.35 0.32
0.65 0.00 0.36
0.91 0.00 0.10
0.51 0.17 0.32
0.95 0.00 0.05
0.72 0.00 0.28
0.84 0.08 0.08
0.48 0.05 0.46
0.29 0.10 0.62
0.64 0.05 0.31
0.56 0.03 0.40
0.21 0.03 0.76
0.74 0.03 0.23
0.83 0.02 0.16
0.36 0.33 0.32
0.87 0.01 0.12
0.31 0.29 0.39
0.64 0.00 0.37
0.67 0.01 0.32
1.00 0.00 0.00
