0.70 0.05 0.25
0.91 0.05 0.05
0.30 0.05 0.65
0.19 0.28 0.52
0.20 0.35 0.45
0.67 0.00 0.33
0.83 0.02 0.16
0.61 0.00 0.39
0.36 0.07 0.58
0.17 0.65 0.17
0.88 0.02 0.10
0.80 0.10 0.10
0.73 0.02 0.26
0.63 0.18 0.20
0.71 0.14 0.14
0.35 0.15 0.50
0.60 0.13 0.28
0.86 0.00 0.14
0.43 0.08 0.49
0.55 0.22 0.22
0.53 0.23 0.23
0.78 0.11 0.11
0.74 0.00 0.26
0.19 0.37 0.44
0.61 0.09 0.30
0.64 0.18 0.18
0.10 0.10 0.80
0.61 0.12 0.27
0.24 0.26 0.50
0.56 0.22 0.22
0.48 0.12 0.41
0.49 0.23 0.29
0.81 0.04 0.16
0.02 0.13 0.84
0.16 0.17 0.67
0.35 0.29 0.36
0.56 0.24 0.20
