0.51 0.18 0.32
0.32 0.18 0.49
0.49 0.08 0.43
0.60 0.21 0.18
0.93 0.01 0.06
0.75 0.13 0.13
0.84 0.03 0.13
0.81 0.03 0.16
0.67 0.02 0.32
0.78 0.08 0.15
0.16 0.19 0.65
0.49 0.13 0.38
0.71 0.12 0.17
0.61 0.20 0.20
0.77 0.10 0.13
0.77 0.07 0.16
0.68 0.03 0.29
0.71 0.08 0.22
0.76 0.03 0.22
0.69 0.06 0.25
0.74 0.03 0.24
0.90 0.02 0.08
0.60 0.08 0.33
0.68 0.07 0.25
0.57 0.10 0.33
0.66 0.10 0.24
0.60 0.27 0.12
0.64 0.15 0.21
0.83 0.12 0.05
0.58 0.08 0.34
0.60 0.00 0.40
0.59 0.02 0.39
0.09 0.45 0.45
0.70 0.11 0.18
0.54 0.12 0.33
0.63 0.11 0.26
0.65 0.17 0.19
0.88 0.06 0.06
0.61 0.11 0.27
0.59 0.15 0.26
0.50 0.04 0.46
0.84 0.03 0.14
0.59 0.21 0.21
0.78 0.08 0.13
0.31 0.53 0.17
0.62 0.09 0.30
0.94 0.01 0.04
0.19 0.31 0.50
0.60 0.36 0.04
0.54 0.15 0.31
0.18 0.64 0.18
0.46 0.27 0.27
0.34 0.18 0.48
0.45 0.35 0.19
0.70 0.02 0.28
0.81 0.01 0.18
0.70 0.10 0.20
0.47 0.06 0.47
0.75 0.12 0.12
0.50 0.17 0.33
0.55 0.13 0.33
0.60 0.13 0.26
0.63 0.08 0.30
0.72 0.02 0.27
0.71 0.04 0.25
0.22 0.30 0.48
0.46 0.14 0.41
0.17 0.57 0.27
0.55 0.06 0.38
0.65 0.10 0.25
0.83 0.05 0.12
0.18 0.18 0.64
0.76 0.01 0.23
0.68 0.04 0.28
0.25 0.51 0.25
0.57 0.11 0.32
0.63 0.08 0.28
0.84 0.02 0.14
0.57 0.15 0.28
0.57 0.10 0.34
0.65 0.06 0.28
0.21 0.40 0.40
0.58 0.20 0.22
0.72 0.06 0.21
0.69 0.02 0.30
0.57 0.24 0.19
0.46 0.09 0.44
0.87 0.03 0.09
0.60 0.08 0.32
0.59 0.22 0.18
0.74 0.10 0.16
0.74 0.09 0.16
0.70 0.05 0.25
0.60 0.20 0.20
0.40 0.13 0.48
0.32 0.38 0.31
0.52 0.07 0.41
0.00 0.64 0.37
0.48 0.29 0.23
0.77 0.03 0.21
0.55 0.12 0.33
0.50 0.13 0.37
0.57 0.04 0.40
0.69 0.11 0.20
0.74 0.10 0.15
0.67 0.09 0.24
0.51 0.15 0.34
0.85 0.08 0.08
0.80 0.10 0.10
0.83 0.05 0.13
0.33 0.23 0.45
0.81 0.02 0.16
0.97 0.00 0.03
0.97 0.01 0.02
0.66 0.05 0.29
0.85 0.02 0.13
0.71 0.14 0.14
0.55 0.10 0.35
0.56 0.19 0.25
0.54 0.23 0.23
0.53 0.15 0.32
0.47 0.18 0.35
0.56 0.17 0.27
0.37 0.17 0.47
0.70 0.13 0.16
0.32 0.38 0.30
0.01 1.00 0.01
0.12 0.61 0.28
0.23 0.31 0.46
0.70 0.13 0.17
0.32 0.15 0.52
