0.77 0.01 0.21
0.94 0.00 0.06
0.68 0.12 0.21
0.67 0.00 0.34
0.77 0.12 0.12
0.64 0.05 0.31
0.40 0.00 0.60
0.16 0.15 0.69
0.70 0.11 0.18
0.77 0.02 0.22
0.34 0.22 0.44
0.55 0.15 0.30
0.73 0.13 0.13
0.77 0.12 0.12
0.73 0.03 0.24
0.15 0.28 0.57
0.66 0.06 0.28
0.64 0.24 0.13
0.57 0.23 0.20
0.55 0.22 0.22
0.75 0.00 0.26
0.59 0.15 0.27
0.79 0.03 0.18
0.72 0.14 0.14
0.00 1.00 0.00
0.44 0.19 0.37
0.37 0.04 0.59
0.26 0.26 0.48
