0.63 0.04 0.33
0.75 0.03 0.21
0.69 0.15 0.15
0.59 0.18 0.23
0.72 0.11 0.17
0.73 0.03 0.25
0.57 0.15 0.27
0.80 0.05 0.15
0.56 0.18 0.25
0.33 0.34 0.33
0.59 0.25 0.16
0.40 0.36 0.24
0.65 0.29 0.06
0.73 0.08 0.19
0.10 0.41 0.48
0.28 0.32 0.40
0.65 0.10 0.25
0.67 0.20 0.13
0.85 0.05 0.10
0.10 0.57 0.33
0.57 0.08 0.34
0.33 0.15 0.52
0.47 0.19 0.35
0.33 0.33 0.33
0.32 0.35 0.32
0.83 0.10 0.06
0.24 0.53 0.24
0.39 0.31 0.31
0.19 0.58 0.22
0.59 0.11 0.31
0.33 0.33 0.33
0.62 0.13 0.25
0.65 0.17 0.17
0.50 0.11 0.40
0.34 0.33 0.33
0.81 0.01 0.18
0.65 0.27 0.08
0.93 0.07 0.00
0.20 0.47 0.32
0.12 0.76 0.12
0.75 0.05 0.21
0.62 0.25 0.14
0.77 0.15 0.08
0.70 0.03 0.27
