0.83 0.04 0.13
0.33 0.34 0.34
0.53 0.36 0.11
0.86 0.07 0.07
0.72 0.10 0.18
0.25 0.22 0.52
0.82 0.10 0.07
0.64 0.02 0.34
0.88 0.03 0.08
0.75 0.19 0.07
0.14 0.68 0.18
0.67 0.17 0.17
0.78 0.13 0.08
0.66 0.14 0.19
0.65 0.10 0.26
0.91 0.04 0.04
0.44 0.34 0.23
0.63 0.07 0.30
0.81 0.05 0.13
0.55 0.19 0.26
0.52 0.15 0.33
0.57 0.30 0.13
0.89 0.02 0.09
0.42 0.10 0.49
0.64 0.14 0.22
0.72 0.05 0.22
0.35 0.33 0.33
0.71 0.07 0.23
0.92 0.04 0.04
0.91 0.03 0.06
0.90 0.05 0.05
0.79 0.01 0.20
0.95 0.04 0.02
0.86 0.04 0.10
0.81 0.10 0.10
0.95 0.03 0.03
0.68 0.13 0.20
0.74 0.15 0.12
0.75 0.09 0.16
0.85 0.08 0.08
0.86 0.07 0.06
0.75 0.13 0.13
0.83 0.10 0.07
0.76 0.05 0.20
0.87 0.10 0.04
0.84 0.05 0.12
0.45 0.24 0.32
0.73 0.14 0.14
0.98 0.01 0.01
0.87 0.05 0.08
0.88 0.03 0.08
0.55 0.16 0.29
0.69 0.10 0.22
0.92 0.03 0.05
0.67 0.17 0.17
0.58 0.16 0.27
0.94 0.02 0.04
0.04 0.00 0.96
0.69 0.08 0.23
0.70 0.11 0.19
0.51 0.21 0.29
0.97 0.01 0.01
0.50 0.33 0.17
0.51 0.19 0.30
0.69 0.06 0.25
0.94 0.04 0.03
0.81 0.06 0.14
0.60 0.20 0.20
0.60 0.11 0.30
0.18 0.41 0.41
0.27 0.46 0.27
0.68 0.16 0.16
0.90 0.05 0.05
0.74 0.07 0.20
0.73 0.13 0.13
0.58 0.31 0.10
0.88 0.06 0.06
0.63 0.18 0.18
0.73 0.15 0.11
0.69 0.04 0.26
0.76 0.05 0.19
0.40 0.19 0.41
0.78 0.08 0.14
0.94 0.05 0.01
0.84 0.05 0.11
0.78 0.11 0.11
0.70 0.12 0.17
0.73 0.11 0.15
0.86 0.05 0.08
0.86 0.05 0.10
0.75 0.05 0.20
0.63 0.18 0.18
0.61 0.26 0.14
0.38 0.31 0.31
0.50 0.22 0.27
0.69 0.16 0.16
0.48 0.14 0.39
0.53 0.27 0.21
0.98 0.01 0.01
0.69 0.05 0.26
0.84 0.04 0.13
0.87 0.04 0.08
0.54 0.32 0.13
0.75 0.08 0.18
0.13 0.44 0.44
0.67 0.22 0.11
0.55 0.23 0.23
0.78 0.11 0.11
0.57 0.12 0.30
0.69 0.07 0.25
0.60 0.20 0.20
0.70 0.10 0.20
0.45 0.47 0.07
0.89 0.05 0.06
0.78 0.09 0.13
0.91 0.04 0.04
0.77 0.07 0.16
0.98 0.01 0.01
0.42 0.57 0.01
0.74 0.07 0.20
0.56 0.05 0.39
0.21 0.30 0.48
0.89 0.04 0.06
0.64 0.18 0.18
0.82 0.04 0.15
0.78 0.10 0.12
0.34 0.33 0.33
0.65 0.07 0.29
0.70 0.15 0.15
0.89 0.01 0.09
0.69 0.04 0.27
0.57 0.16 0.28
0.50 0.25 0.25
0.52 0.15 0.33
0.56 0.07 0.37
0.66 0.09 0.25
0.73 0.08 0.19
0.92 0.02 0.07
0.42 0.36 0.22
