0.58 0.20 0.21
0.87 0.06 0.07
0.38 0.24 0.38
0.78 0.11 0.11
0.60 0.16 0.24
0.57 0.16 0.27
0.68 0.06 0.25
0.53 0.07 0.41
0.71 0.05 0.25
0.81 0.10 0.09
0.77 0.08 0.15
0.80 0.04 0.15
1.00 0.00 0.00
0.67 0.05 0.28
0.30 0.27 0.44
0.70 0.15 0.15
0.47 0.31 0.22
0.82 0.03 0.15
0.70 0.09 0.22
0.70 0.15 0.15
0.62 0.15 0.24
0.04 0.48 0.48
0.39 0.11 0.50
0.66 0.09 0.24
0.57 0.13 0.31
0.52 0.24 0.24
0.49 0.26 0.26
0.92 0.03 0.06
0.58 0.15 0.28
0.81 0.10 0.10
0.60 0.06 0.33
0.75 0.10 0.15
0.79 0.10 0.10
0.73 0.03 0.23
0.60 0.20 0.20
0.42 0.37 0.22
0.51 0.12 0.37
0.86 0.05 0.09
0.56 0.17 0.27
0.69 0.10 0.21
0.85 0.08 0.08
0.32 0.35 0.34
0.55 0.12 0.33
0.73 0.05 0.22
0.23 0.34 0.43
0.74 0.08 0.18
0.85 0.05 0.10
0.80 0.10 0.10
0.71 0.10 0.20
0.89 0.05 0.05
0.56 0.07 0.36
0.40 0.30 0.30
0.33 0.33 0.33
0.78 0.13 0.09
0.70 0.19 0.11
0.71 0.15 0.15
0.54 0.05 0.40
0.58 0.05 0.36
0.66 0.11 0.23
0.14 0.36 0.51
0.74 0.04 0.22
0.59 0.15 0.26
0.71 0.14 0.15
0.84 0.06 0.11
0.73 0.13 0.13
0.70 0.05 0.25
0.62 0.08 0.31
0.82 0.05 0.13
0.66 0.17 0.17
0.81 0.12 0.06
0.72 0.14 0.14
0.38 0.27 0.35
0.76 0.16 0.08
0.66 0.13 0.20
0.59 0.06 0.35
0.00 0.36 0.65
0.60 0.11 0.30
0.60 0.20 0.20
0.69 0.16 0.16
0.68 0.04 0.27
0.76 0.00 0.25
0.60 0.20 0.20
0.97 0.01 0.01
0.72 0.00 0.28
0.37 0.27 0.37
0.34 0.36 0.31
