0.44 0.25 0.32
0.61 0.12 0.27
0.44 0.30 0.27
0.78 0.06 0.15
0.38 0.31 0.31
0.67 0.05 0.28
0.65 0.11 0.23
0.52 0.20 0.28
0.67 0.18 0.15
0.20 0.36 0.45
0.57 0.10 0.33
0.82 0.09 0.09
0.79 0.05 0.16
0.85 0.07 0.07
0.60 0.10 0.31
0.63 0.15 0.22
0.70 0.15 0.15
0.77 0.05 0.18
0.72 0.16 0.11
0.58 0.10 0.32
0.59 0.34 0.07
0.56 0.22 0.22
0.82 0.07 0.11
0.68 0.09 0.23
0.69 0.12 0.18
0.51 0.22 0.28
0.72 0.07 0.20
0.50 0.20 0.30
0.68 0.12 0.21
0.56 0.24 0.20
0.00 0.72 0.29
0.51 0.22 0.27
0.41 0.25 0.33
0.74 0.13 0.13
0.77 0.06 0.18
0.72 0.09 0.18
0.15 0.33 0.53
0.67 0.10 0.24
0.39 0.45 0.16
0.60 0.13 0.28
0.73 0.07 0.21
0.67 0.07 0.26
0.44 0.00 0.56
0.47 0.10 0.43
0.68 0.12 0.19
0.58 0.15 0.27
0.83 0.05 0.13
0.39 0.34 0.27
0.33 0.34 0.34
0.27 0.53 0.21
0.72 0.08 0.19
0.85 0.07 0.07
0.53 0.26 0.21
0.70 0.11 0.19
0.61 0.01 0.37
0.42 0.32 0.25
0.67 0.11 0.21
0.36 0.46 0.17
0.70 0.15 0.15
0.52 0.27 0.21
0.73 0.12 0.15
0.65 0.13 0.22
0.67 0.12 0.21
0.76 0.05 0.19
0.54 0.08 0.38
0.59 0.12 0.30
0.36 0.32 0.32
0.01 1.00 0.01
0.51 0.20 0.30
0.72 0.06 0.23
0.18 0.34 0.47
0.56 0.15 0.29
0.52 0.06 0.41
0.90 0.05 0.05
0.88 0.06 0.06
0.58 0.28 0.14
0.60 0.04 0.37
0.42 0.31 0.28
0.68 0.22 0.10
0.70 0.15 0.15
0.35 0.35 0.30
0.33 0.20 0.46
0.72 0.11 0.18
0.75 0.13 0.13
0.87 0.03 0.10
0.50 0.16 0.34
0.34 0.29 0.38
0.49 0.30 0.21
0.71 0.08 0.22
0.73 0.09 0.18
0.17 0.32 0.52
0.78 0.10 0.12
0.58 0.17 0.25
0.73 0.08 0.20
0.69 0.16 0.16
0.37 0.34 0.29
0.43 0.30 0.27
0.81 0.04 0.15
0.19 0.62 0.19
0.64 0.18 0.18
0.63 0.12 0.24
0.50 0.07 0.44
0.43 0.22 0.34
0.63 0.06 0.31
0.64 0.07 0.28
0.66 0.11 0.23
0.00 0.00 1.00
0.40 0.40 0.19
0.10 0.29 0.60
0.41 0.39 0.20
0.25 0.51 0.25
0.28 0.31 0.41
0.44 0.28 0.27
