0.73 0.02 0.24
0.83 0.07 0.10
0.76 0.03 0.20
0.71 0.07 0.22
0.94 0.02 0.04
0.58 0.18 0.24
0.93 0.02 0.06
0.83 0.04 0.12
0.94 0.01 0.04
0.76 0.09 0.16
0.76 0.09 0.16
0.90 0.01 0.09
0.77 0.02 0.22
0.91 0.01 0.08
0.60 0.02 0.39
0.90 0.05 0.05
0.96 0.04 0.00
0.86 0.07 0.07
0.90 0.05 0.05
0.81 0.04 0.15
0.87 0.03 0.10
0.93 0.02 0.06
0.57 0.08 0.35
0.79 0.03 0.18
0.65 0.07 0.28
0.93 0.01 0.06
0.85 0.03 0.11
0.79 0.07 0.14
0.88 0.06 0.06
0.92 0.01 0.06
0.83 0.01 0.16
0.42 0.12 0.46
0.60 0.15 0.26
0.76 0.03 0.22
0.89 0.00 0.11
0.32 0.30 0.38
0.82 0.04 0.15
0.79 0.09 0.12
0.57 0.13 0.30
0.78 0.11 0.11
0.93 0.01 0.06
0.70 0.04 0.27
0.75 0.04 0.20
0.80 0.05 0.14
0.61 0.20 0.20
0.86 0.07 0.07
0.92 0.00 0.09
0.92 0.01 0.07
0.79 0.10 0.10
0.90 0.03 0.07
0.76 0.06 0.18
0.93 0.02 0.06
0.73 0.05 0.22
0.89 0.02 0.10
1.00 0.01 0.01
0.71 0.05 0.25
0.77 0.07 0.16
0.64 0.09 0.28
0.88 0.03 0.08
0.72 0.07 0.22
0.74 0.10 0.16
0.70 0.15 0.16
0.75 0.08 0.17
0.51 0.15 0.34
0.10 0.81 0.09
0.64 0.08 0.29
0.63 0.15 0.22
0.48 0.04 0.48
0.95 0.02 0.04
0.46 0.27 0.27
0.87 0.04 0.09
0.86 0.10 0.04
0.91 0.04 0.05
0.51 0.14 0.36
0.80 0.10 0.10
0.85 0.03 0.11
0.90 0.01 0.08
0.86 0.04 0.10
0.75 0.12 0.13
0.24 0.42 0.33
0.89 0.02 0.08
0.63 0.17 0.20
0.83 0.09 0.09
0.80 0.04 0.16
0.79 0.06 0.15
0.91 0.05 0.05
0.87 0.02 0.10
0.90 0.05 0.05
0.76 0.06 0.18
0.64 0.18 0.18
0.90 0.03 0.07
0.90 0.04 0.05
0.49 0.17 0.33
0.12 0.12 0.77
0.49 0.16 0.36
0.85 0.04 0.12
0.88 0.06 0.05
0.95 0.01 0.04
0.88 0.02 0.10
0.81 0.10 0.09
0.83 0.03 0.14
0.93 0.02 0.04
0.90 0.05 0.05
0.73 0.13 0.13
0.95 0.02 0.02
0.84 0.11 0.05
0.49 0.16 0.36
0.98 0.01 0.01
0.89 0.01 0.10
0.75 0.12 0.12
0.56 0.16 0.27
0.96 0.02 0.03
0.67 0.00 0.33
0.81 0.07 0.12
0.89 0.02 0.10
0.54 0.31 0.15
0.84 0.01 0.15
0.90 0.05 0.05
0.59 0.08 0.33
0.88 0.02 0.09
0.80 0.04 0.15
0.42 0.35 0.22
0.75 0.06 0.18
0.71 0.14 0.14
0.91 0.02 0.07
0.77 0.05 0.18
0.88 0.03 0.08
0.83 0.04 0.13
0.86 0.05 0.08
0.82 0.00 0.18
0.95 0.02 0.03
0.89 0.02 0.08
0.77 0.11 0.11
0.63 0.08 0.29
0.92 0.03 0.04
0.84 0.06 0.10
0.82 0.06 0.12
0.48 0.34 0.18
0.81 0.03 0.15
0.75 0.14 0.11
0.75 0.08 0.17
0.82 0.04 0.14
0.93 0.02 0.05
0.70 0.04 0.26
0.94 0.06 0.01
0.91 0.02 0.06
0.61 0.10 0.29
0.56 0.12 0.33
1.00 0.05 0.05
0.70 0.15 0.15
0.75 0.05 0.20
0.62 0.15 0.23
0.33 0.33 0.33
0.84 0.05 0.10
0.80 0.10 0.09
0.60 0.20 0.20
0.85 0.03 0.11
0.80 0.05 0.14
0.85 0.06 0.08
0.81 0.09 0.09
0.68 0.08 0.25
0.12 0.56 0.31
0.89 0.02 0.09
0.71 0.01 0.27
0.77 0.08 0.15
0.83 0.05 0.13
0.70 0.05 0.25
0.90 0.05 0.05
0.90 0.02 0.09
0.64 0.08 0.28
0.68 0.16 0.16
0.85 0.03 0.12
0.76 0.02 0.21
0.75 0.01 0.24
0.49 0.11 0.39
0.61 0.19 0.19
0.84 0.05 0.11
0.94 0.03 0.03
0.58 0.15 0.27
0.65 0.09 0.25
0.78 0.10 0.13
0.87 0.10 0.03
0.62 0.13 0.25
0.88 0.06 0.06
0.88 0.06 0.06
0.76 0.12 0.12
0.69 0.15 0.15
0.80 0.10 0.10
0.75 0.02 0.24
0.77 0.07 0.17
0.20 0.31 0.49
0.81 0.05 0.14
0.49 0.11 0.40
0.24 0.48 0.29
0.55 0.38 0.08
0.76 0.02 0.22
0.24 0.38 0.38
0.55 0.14 0.30
0.37 0.25 0.38
0.50 0.25 0.25
0.73 0.07 0.19
0.74 0.06 0.21
0.51 0.24 0.24
0.71 0.05 0.25
0.55 0.33 0.13
0.73 0.14 0.14
0.69 0.10 0.22
0.84 0.06 0.11
0.44 0.07 0.49
0.78 0.04 0.18
0.49 0.18 0.33
0.48 0.26 0.26
0.50 0.11 0.38
0.44 0.22 0.33
0.46 0.29 0.26
0.82 0.07 0.10
0.74 0.04 0.22
0.88 0.01 0.10
0.95 0.02 0.02
0.74 0.10 0.15
0.83 0.02 0.14
0.95 0.02 0.02
0.76 0.08 0.16
0.70 0.16 0.15
0.54 0.13 0.33
0.95 0.01 0.04
0.90 0.00 0.11
0.83 0.02 0.14
0.96 0.01 0.03
0.70 0.11 0.19
0.34 0.33 0.32
0.85 0.04 0.12
0.90 0.05 0.05
0.75 0.05 0.20
0.78 0.07 0.15
0.66 0.17 0.18
0.40 0.05 0.54
0.70 0.15 0.15
0.89 0.01 0.10
0.83 0.04 0.14
0.89 0.06 0.06
0.73 0.10 0.17
0.97 0.01 0.03
0.87 0.03 0.10
0.87 0.04 0.09
0.61 0.00 0.39
0.91 0.03 0.06
0.92 0.02 0.05
0.33 0.34 0.33
0.68 0.13 0.20
0.91 0.03 0.07
0.60 0.20 0.20
0.66 0.25 0.10
0.95 0.02 0.04
0.85 0.05 0.10
0.47 0.15 0.38
0.68 0.13 0.19
0.78 0.11 0.12
0.51 0.18 0.31
0.93 0.05 0.02
0.88 0.06 0.06
0.47 0.14 0.39
0.52 0.13 0.36
0.83 0.05 0.13
0.58 0.09 0.33
0.51 0.17 0.33
0.50 0.21 0.29
0.26 0.26 0.48
0.79 0.10 0.10
0.67 0.04 0.30
0.75 0.09 0.17
0.67 0.12 0.20
0.73 0.13 0.13
0.89 0.02 0.10
0.49 0.02 0.49
0.89 0.03 0.09
0.19 0.62 0.19
0.41 0.17 0.41
0.56 0.30 0.14
0.81 0.01 0.18
