0.40 0.23 0.37
0.68 0.15 0.17
0.72 0.03 0.25
0.61 0.23 0.15
0.90 0.01 0.09
0.68 0.16 0.16
0.40 0.40 0.20
0.19 0.48 0.32
0.76 0.08 0.15
0.55 0.30 0.15
0.55 0.10 0.35
0.53 0.31 0.16
0.32 0.28 0.41
0.80 0.02 0.18
0.11 0.69 0.20
0.52 0.14 0.33
0.43 0.38 0.19
0.53 0.33 0.15
